[(False, 0, ['DIV', 'RED(1)', 'RED(2)', 'RED(3)', 'FOC(0,1,1)', 'ML(1,1)', 'LOG', 'EXP(1/2)', 'ML(0,1)', 'FOC(0,2,1)', 'DOP(-,/)', 'EXP(-1)', 'ANA(0,3)', 'FOC(0,1,1,1)', 'FOC(0,1,1,1,1)', 'DGEE(0,0)', 'DGEE(0,1)', 'RSYM', 'SSYM', 'DOP(*,/)', 'DOP(/,-)', 'DOP(+,-)', 'DOP(+,*)', 'DOP(+,/)', 'ML(2,1)', 'FOC(0,1,2)', 'FOC(0,2,2)', 'ANA(0,2)', 'ANA(0,4)', 'ANA(0,5)', 'EXP(1/3)', 'DGEE(1,0)', 'DGEE(1,1)', 'DGDE(0,0)', 'DGDE(0,1)', 'DGDE(1,0)', 'DGDE(1,1)', 'SOE', 'FOC(0,3,1)', 'FOC(0,1,3)', 'FOC(0,3,2)', 'FOC(0,2,3)', 'FOC(0,3,3)', 'FOC(0,4,1)', 'FOC(0,4,2)', 'FOC(0,4,3)', 'FOC(0,4,4)', 'FOC(0,1,4)', 'FOC(0,2,4)', 'FOC(0,3,4)', 'FOC(0,4,4)', 'FOC(0,5,1)', 'FOC(0,5,2)', 'FOC(0,5,3)', 'FOC(0,5,4)', 'FOC(0,1,5)', 'FOC(0,2,5)', 'FOC(0,3,5)', 'FOC(0,4,5)', 'FOC(0,5,5)']), 0.10530233400641009]
[([2, 16, 4, 256, 16, 65536, 256, 4294967296, 65536.0], 307, ['FOC(0,1,1)', 'LOG']), 0.0017855840269476175]
[([3, 5, 8, 13, 21, 34, 55, 89, 144, 233, 377, 610, 987, 1597, 2584], 6, ['ML(1,1)']), 0.00018754100892692804]
[([1, 3, 7, 12, 18, 26, 35, 45, 57, 70, 84, 100, 117, 135], 14, ['FOC(0,1,1,1)']), 0.0002619579900056124]
[([0, 3, 12, 17, 102, 109, 872, 881.0], 11, ['DOP(-,/)']), 9.725004201754928e-05]
[(False, 0, ['DIV', 'RED(1)', 'RED(2)', 'RED(3)', 'FOC(0,1,1)', 'ML(1,1)', 'LOG', 'EXP(1/2)', 'ML(0,1)', 'FOC(0,2,1)', 'DOP(-,/)', 'EXP(-1)', 'ANA(0,3)', 'FOC(0,1,1,1)', 'FOC(0,1,1,1,1)', 'DGEE(0,0)', 'DGEE(0,1)', 'RSYM', 'SSYM', 'DOP(*,/)', 'DOP(/,-)', 'DOP(+,-)', 'DOP(+,*)', 'DOP(+,/)', 'ML(2,1)', 'FOC(0,1,2)', 'FOC(0,2,2)', 'ANA(0,2)', 'ANA(0,4)', 'ANA(0,5)', 'EXP(1/3)', 'DGEE(1,0)', 'DGEE(1,1)', 'DGDE(0,0)', 'DGDE(0,1)', 'DGDE(1,0)', 'DGDE(1,1)', 'SOE', 'FOC(0,3,1)', 'FOC(0,1,3)', 'FOC(0,3,2)', 'FOC(0,2,3)', 'FOC(0,3,3)', 'FOC(0,4,1)', 'FOC(0,4,2)', 'FOC(0,4,3)', 'FOC(0,4,4)', 'FOC(0,1,4)', 'FOC(0,2,4)', 'FOC(0,3,4)', 'FOC(0,4,4)', 'FOC(0,5,1)', 'FOC(0,5,2)', 'FOC(0,5,3)', 'FOC(0,5,4)', 'FOC(0,1,5)', 'FOC(0,2,5)', 'FOC(0,3,5)', 'FOC(0,4,5)', 'FOC(0,5,5)']), 0.21718441700795665]
[([1, 3, 6, 10, 15, 21, 28, 36], 0, ['BASIC']), 1.329102087765932e-05]
[([1, 0, -1, 0, 1, 0, -1, 0, 1], 15, ['FOC(0,1,1,1,1)']), 0.00015820801490917802]
[([1, 3, 5, 7, 9, 11, 13, 15, 17], 0, ['BASIC']), 1.0292045772075653e-05]
[([1, 2, 4, 7, 11, 16, 22, 29], 0, ['BASIC']), 6.917049176990986e-06]
[([1, 4, 9, 16, 25, 36, 49, 64, 81], 0, ['BASIC']), 7.874972652643919e-06]
[([3, 5, 10, 12, 24, 26, 52, 54, 108.0], 11, ['DOP(-,/)']), 0.0001283749588765204]
[([3, 4, 8, 17, 33, 58, 94, 143], 0, ['BASIC']), 8.083006832748652e-06]
[([3, 6, 18, 72, 360, 2160, 15120, 120960.0], 62, ['DIV', 'RED(1)']), 0.0005067079910077155]
[([4, 5, 8, 13, 20, 29, 40, 53], 0, ['BASIC']), 8.08399636298418e-06]
[([5, 11, 17, 23, 29, 35, 41], 0, ['BASIC']), 5.832989700138569e-06]
[([11, 9, 7, 5, 3, 1, -1, -3], 0, ['BASIC']), 6.291025783866644e-06]
[([30, 29, 27, 26, 24, 23, 21, 20, 18, 17, 15], 5, ['FOC(0,1,1)']), 7.55410292185843e-05]
[([144, 121, 100, 81, 64, 49, 36, 25], 0, ['BASIC']), 8.167000487446785e-06]
[([2, 2, 4, 6, 10, 16, 26, 42, 68], 6, ['ML(1,1)']), 8.512497879564762e-05]
[([81, 27, 9, 3, 1, 0.3333333333333333, 0.1111111111111111], 1, ['DIV']), 2.3833999875932932e-05]
[([1, 1, 2, 3, 5, 8, 13, 21], 6, ['ML(1,1)']), 6.933300755918026e-05]
[([21, 20, 18, 15, 11, 6, 0], 0, ['BASIC']), 6.249989382922649e-06]
[([8, 6, 7, 5, 6, 4, 5, 3, 4], 5, ['FOC(0,1,1)']), 5.7917030062526464e-05]
[([4294967296, 65536, 256, 16, 4, 2.0], 7, ['LOG']), 5.76250022277236e-05]
[([3, 7, 14, 24, 37, 53, 72], 0, ['BASIC']), 6.165995728224516e-06]
[([-3, -1, 2, 6, 11, 17, 24], 0, ['BASIC']), 5.832989700138569e-06]
[([-1, 0, 3, 8, 15, 24, 35], 0, ['BASIC']), 5.333044100552797e-06]
[([-9, 2, 12, 21, 29, 36, 42], 0, ['BASIC']), 5.58304600417614e-06]
[([1, 0, 0, 1, 3, 6, 10, 15], 0, ['BASIC']), 6.4579653553664684e-06]
[([2, 2, 4, 4, 8, 8, 16, 16, 32, 32, 64, 64, 128, 128, 256, 256], 28, ['ANA(0,2)']), 0.0006129170069471002]
[([8, 6, 4, 3, 1, -1, -2, -4, -6, -7, -9, -11, -12, -14, -16], 13, ['ANA(0,3)']), 0.00023408298147842288]
[([362880, 40320, 5040, 720, 120, 24, 6, 2, 1, 1.0], 3732, ['DIV', 'RED(1)', 'EXP(-1)']), 0.018032916996162385]
[([14, 1, -5.5, -8.75, -10.375, -11.1875, -11.59375], 121, ['RED(1)', 'DIV']), 0.0007207500166259706]
[([-1, -1, 0, 2, 5, 9, 14, 20], 0, ['BASIC']), 9.582960046827793e-06]
[([-2, 3, 1, 4, 5, 9, 14, 23], 6, ['ML(1,1)']), 7.937499321997166e-05]
[([-3, -1, -4, 0, -5, 1, -6, 2, -7], 5, ['FOC(0,1,1)']), 5.6124990805983543e-05]
[([-4, -1, -3, 0, -2, 1, -1, 2, 0], 5, ['FOC(0,1,1)']), 4.7124980483204126e-05]
[([1, 2, 0, 2, -1, 2, -2, 2, -3], 5, ['FOC(0,1,1)']), 4.516699118539691e-05]
[([1, -1, 0, -3, -1, -5, -2, -7, -3, -9], 5, ['FOC(0,1,1)']), 5.162501474842429e-05]
[([0, 1, 0, -1, 0, 1, 0, -1, 0, 1, 0, -1], 15, ['FOC(0,1,1,1,1)']), 0.00018616695888340473]
[([-2, 0, -3, 1, -4, 2, -5, 3, -6], 5, ['FOC(0,1,1)']), 5.024997517466545e-05]
[([23, 34, 45, 56, 67, 78], 0, ['BASIC']), 5.375011824071407e-06]
[([-4, -3, 0, 5, 12, 21, 32], 0, ['BASIC']), 5.665991920977831e-06]
[([-4, -2, 2, 8, 16, 26, 38], 0, ['BASIC']), 5.208014044910669e-06]
[([6, 4, 0, -6, -14, -24, -36], 0, ['BASIC']), 6.458023563027382e-06]
[([-2, 0, 4, 10, 18, 28, 40], 0, ['BASIC']), 5.166977643966675e-06]
[([-6, -1, 5, 12, 20, 29, 39], 0, ['BASIC']), 5.375011824071407e-06]
[([6400, 1600, 400, 100, 25, 6.25, 1.5625], 1, ['DIV']), 2.1082989405840635e-05]
[([0, 7, 24, 51, 88, 135, 192], 0, ['BASIC']), 5.375011824071407e-06]
[([2, 4, 12, 48, 240, 1440, 10080.0], 62, ['DIV', 'RED(1)']), 0.00039795797783881426]
[([-10, 12, 44, 86, 138, 200, 272], 0, ['BASIC']), 6.582995411008596e-06]
[([1, 0, 1, 1, 1, 2, 1, 3, 1, 4], 5, ['FOC(0,1,1)']), 5.666696233674884e-05]
[([-1, 2, -2, -4, 8, -32, -256, 8192.0], 66, ['DIV', 'ML(1,1)']), 0.000508165976498276]
[([-10, 0, 15, 35, 60, 90, 125, 165], 0, ['BASIC']), 8.584000170230865e-06]
[([-2, -1, 1, 5, 13, 29, 61, 125.0], 121, ['RED(1)', 'DIV']), 0.0008387920097447932]
[([-3, -2, 0, 1, 3, 4, 6, 7, 9], 5, ['FOC(0,1,1)']), 5.3333002142608166e-05]
[([1, 2, 6, 14, 29, 56, 102, 176, 289], 0, ['BASIC']), 8.292030543088913e-06]
[([0, 1, 2, 8, 29, 80, 181, 357, 638], 0, ['BASIC']), 8.375034667551517e-06]
[([8, 1, 0, -1, -8, -27, -64, -125, -216], 0, ['BASIC']), 9.624985978007317e-06]
[([0, 2, 9, 28, 75, 186, 441, 1016, 2295, 5110, 11253, 24564], 189, ['RED(2)', 'ML(0,1)']), 0.0014940000255592167]
[([3, 6, 18, 36, 108, 216, 648, 1296, 3888, 7776, 23328, 46656, 139968.0], 301, ['FOC(0,1,1)', 'DIV']), 0.002823874994646758]
[([2, 3, 5, 9, 17, 33, 65, 129, 257, 513, 1025, 2049, 4097, 8193.0], 121, ['RED(1)', 'DIV']), 0.0018729579751379788]
[([2, 10, 26, 50, 82, 122, 170, 226, 290, 362, 442, 530, 626], 0, ['BASIC']), 1.6375037375837564e-05]
[([4, 1, 0, 1, 4, 9, 16, 25, 36], 0, ['BASIC']), 8.000002708286047e-06]
[([9, 3, 6, 6, 2, 5, 3, 1, 4, 0, 0, 3, -3], 14, ['FOC(0,1,1,1)']), 0.000178125046659261]
[([-9, 1, -5, 3, -4, 2, -6, -2, -11, -9], 5, ['FOC(0,1,1)']), 6.758398376405239e-05]
[([97.5, 57, 30, 12, 0, -8, -13.333333333333332], 121, ['RED(1)', 'DIV']), 0.00036491703940555453]
[([6, 4, 3, 3, 2, 2, 3, 1, 6, 0, 11, -1], 5, ['FOC(0,1,1)']), 7.170898607000709e-05]
[([7, 16, 52, 196, 772, 3076, 12292.0], 121, ['RED(1)', 'DIV']), 0.0007358749862760305]
[([2, 3, 5, 4, 2, 4, 7, 5, 2, 5, 9, 6, 2, 6, 11, 7, 2], 15, ['FOC(0,1,1,1,1)']), 0.0003785000299103558]
[([8, 0, 2, 0, 0, 0, 2, 0, 8, 0, 18, 0], 5, ['FOC(0,1,1)']), 7.216702215373516e-05]
[([3, 0, 1, -1, -2, -5, -9, -16], 126, ['RED(1)', 'ML(1,1)']), 0.0004533749888651073]
[([1, 0, -1, -1, -2, -1, -3, -4, -1, -5], 10, ['FOC(0,2,1)']), 9.774998761713505e-05]
[([3, 9, 22.5, 45, 67.5, 67.5, 33.75, 0.0], 62, ['DIV', 'RED(1)']), 0.0005154579994268715]
[([0, 2, 9, 24, 50, 90, 147, 224], 0, ['BASIC']), 8.417002391070127e-06]
[([3, 8, 16, 28, 45, 68, 98, 136], 0, ['BASIC']), 6.958027370274067e-06]
[([0, 0, 4, 5, 14, 16, 30, 33, 52, 56], 5, ['FOC(0,1,1)']), 5.8542005717754364e-05]
[([0, 8, 15, 35, 48, 80, 99, 143, 168, 224], 5, ['FOC(0,1,1)']), 5.266699008643627e-05]
[([4, 32, 108, 256, 500, 864, 1372, 2048], 0, ['BASIC']), 7.874972652643919e-06]
[([0, 17, 74, 195, 404, 725, 1182, 1799], 0, ['BASIC']), 7.1249669417738914e-06]
[([6, 24, 60, 120, 210, 336, 504, 720], 0, ['BASIC']), 6.624963134527206e-06]
[([3, 6, 15, 42, 123, 366, 1095, 3282.0], 121, ['RED(1)', 'DIV']), 0.0009182909852825105]
[([23, 31, 53, 83, 135, 217, 351, 567], 126, ['RED(1)', 'ML(1,1)']), 0.0009457500418648124]
[([2, 6, 19, 53, 126, 262, 491, 849, 1378], 0, ['BASIC']), 1.0124989785254002e-05]
[([1, 2, 5, 9, 16, 27, 45, 74], 126, ['RED(1)', 'ML(1,1)']), 0.0009152090060524642]
[([0, 2, 6, 12, 20, 30, 42, 56, 72, 90, 110, 132], 0, ['BASIC']), 1.3624958228319883e-05]
[([3, 5, 8, 12, 17, 23, 30, 38], 0, ['BASIC']), 6.916990969330072e-06]
[([5, 8, 20, 68, 260, 1028, 4100.0], 121, ['RED(1)', 'DIV']), 0.0007294160313904285]
[([-6, -4, 0, 2, 6, 8, 12, 14, 18], 5, ['FOC(0,1,1)']), 5.5333017371594906e-05]
