[(False, 0, ['DIV', 'RED(1)', 'RED(2)', 'RED(3)', 'FOC(0,1,1)', 'ML(1,1)', 'LOG', 'EXP(1/2)', 'ML(0,1)', 'FOC(0,2,1)', 'DOP(-,/)', 'EXP(-1)', 'ANA(0,3)', 'FOC(0,1,1,1)', 'FOC(0,1,1,1,1)', 'DGEE(0,0)', 'DGEE(0,1)', 'RSYM', 'SSYM', 'DOP(*,/)', 'DOP(/,-)', 'DOP(+,-)', 'DOP(+,*)', 'DOP(+,/)', 'ML(2,1)', 'FOC(0,1,2)', 'FOC(0,2,2)', 'ANA(0,2)', 'ANA(0,4)', 'ANA(0,5)', 'EXP(1/3)', 'DGEE(1,0)', 'DGEE(1,1)', 'DGDE(0,0)', 'DGDE(0,1)', 'DGDE(1,0)', 'DGDE(1,1)', 'SOE', 'FOC(0,3,1)', 'FOC(0,1,3)', 'FOC(0,3,2)', 'FOC(0,2,3)', 'FOC(0,3,3)', 'FOC(0,4,1)', 'FOC(0,4,2)', 'FOC(0,4,3)', 'FOC(0,4,4)', 'FOC(0,1,4)', 'FOC(0,2,4)', 'FOC(0,3,4)', 'FOC(0,4,4)', 'FOC(0,5,1)', 'FOC(0,5,2)', 'FOC(0,5,3)', 'FOC(0,5,4)', 'FOC(0,1,5)', 'FOC(0,2,5)', 'FOC(0,3,5)', 'FOC(0,4,5)', 'FOC(0,5,5)']), 0.07415291597135365]
[([2, 16, 4, 256, 16, 65536, 256, 4294967296, 65536.0], 307, ['FOC(0,1,1)', 'LOG']), 0.0012630419805645943]
[([3, 5, 8, 13, 21, 34, 55, 89, 144, 233, 377, 610, 987, 1597, 2584], 6, ['ML(1,1)']), 0.00012087507639080286]
[([1, 3, 7, 12, 18, 26, 35, 45, 57, 70, 84, 100, 117, 135], 14, ['FOC(0,1,1,1)']), 0.00017337501049041748]
[([0, 3, 12, 17, 102, 109, 872, 881.0], 11, ['DOP(-,/)']), 6.216706242412329e-05]
[(False, 0, ['DIV', 'RED(1)', 'RED(2)', 'RED(3)', 'FOC(0,1,1)', 'ML(1,1)', 'LOG', 'EXP(1/2)', 'ML(0,1)', 'FOC(0,2,1)', 'DOP(-,/)', 'EXP(-1)', 'ANA(0,3)', 'FOC(0,1,1,1)', 'FOC(0,1,1,1,1)', 'DGEE(0,0)', 'DGEE(0,1)', 'RSYM', 'SSYM', 'DOP(*,/)', 'DOP(/,-)', 'DOP(+,-)', 'DOP(+,*)', 'DOP(+,/)', 'ML(2,1)', 'FOC(0,1,2)', 'FOC(0,2,2)', 'ANA(0,2)', 'ANA(0,4)', 'ANA(0,5)', 'EXP(1/3)', 'DGEE(1,0)', 'DGEE(1,1)', 'DGDE(0,0)', 'DGDE(0,1)', 'DGDE(1,0)', 'DGDE(1,1)', 'SOE', 'FOC(0,3,1)', 'FOC(0,1,3)', 'FOC(0,3,2)', 'FOC(0,2,3)', 'FOC(0,3,3)', 'FOC(0,4,1)', 'FOC(0,4,2)', 'FOC(0,4,3)', 'FOC(0,4,4)', 'FOC(0,1,4)', 'FOC(0,2,4)', 'FOC(0,3,4)', 'FOC(0,4,4)', 'FOC(0,5,1)', 'FOC(0,5,2)', 'FOC(0,5,3)', 'FOC(0,5,4)', 'FOC(0,1,5)', 'FOC(0,2,5)', 'FOC(0,3,5)', 'FOC(0,4,5)', 'FOC(0,5,5)']), 0.2496604589978233]
[([1, 3, 6, 10, 15, 21, 28, 36], 0, ['BASIC']), 1.6666948795318604e-05]
[([1, 0, -1, 0, 1, 0, -1, 0, 1], 15, ['FOC(0,1,1,1,1)']), 0.0001267909538000822]
[([1, 3, 5, 7, 9, 11, 13, 15, 17], 0, ['BASIC']), 7.790978997945786e-06]
[([1, 2, 4, 7, 11, 16, 22, 29], 0, ['BASIC']), 4.958012141287327e-06]
[([1, 4, 9, 16, 25, 36, 49, 64, 81], 0, ['BASIC']), 5.707959644496441e-06]
[([3, 5, 10, 12, 24, 26, 52, 54, 108.0], 11, ['DOP(-,/)']), 0.00014629203360527754]
[([3, 4, 8, 17, 33, 58, 94, 143], 0, ['BASIC']), 5.541951395571232e-06]
[([3, 6, 18, 72, 360, 2160, 15120, 120960.0], 62, ['DIV', 'RED(1)']), 0.00037741707637906075]
[([4, 5, 8, 13, 20, 29, 40, 53], 0, ['BASIC']), 6.707967258989811e-06]
[([5, 11, 17, 23, 29, 35, 41], 0, ['BASIC']), 4.124944098293781e-06]
[([11, 9, 7, 5, 3, 1, -1, -3], 0, ['BASIC']), 4.582921974360943e-06]
[([30, 29, 27, 26, 24, 23, 21, 20, 18, 17, 15], 5, ['FOC(0,1,1)']), 5.650008097290993e-05]
[([144, 121, 100, 81, 64, 49, 36, 25], 0, ['BASIC']), 5.625071935355663e-06]
[([2, 2, 4, 6, 10, 16, 26, 42, 68], 6, ['ML(1,1)']), 5.9999991208314896e-05]
[([81, 27, 9, 3, 1, 0.3333333333333333, 0.1111111111111111], 1, ['DIV']), 1.604191493242979e-05]
[([1, 1, 2, 3, 5, 8, 13, 21], 6, ['ML(1,1)']), 4.7332956455647945e-05]
[([21, 20, 18, 15, 11, 6, 0], 0, ['BASIC']), 4.459056071937084e-06]
[([8, 6, 7, 5, 6, 4, 5, 3, 4], 5, ['FOC(0,1,1)']), 3.987504169344902e-05]
[([4294967296, 65536, 256, 16, 4, 2.0], 7, ['LOG']), 3.808399196714163e-05]
[([3, 7, 14, 24, 37, 53, 72], 0, ['BASIC']), 4.292000085115433e-06]
[([-3, -1, 2, 6, 11, 17, 24], 0, ['BASIC']), 4.249974153935909e-06]
[([-1, 0, 3, 8, 15, 24, 35], 0, ['BASIC']), 3.875000402331352e-06]
[([-9, 2, 12, 21, 29, 36, 42], 0, ['BASIC']), 3.875000402331352e-06]
[([1, 0, 0, 1, 3, 6, 10, 15], 0, ['BASIC']), 4.583969712257385e-06]
[([2, 2, 4, 4, 8, 8, 16, 16, 32, 32, 64, 64, 128, 128, 256, 256], 28, ['ANA(0,2)']), 0.00043370795901864767]
[([8, 6, 4, 3, 1, -1, -2, -4, -6, -7, -9, -11, -12, -14, -16], 13, ['ANA(0,3)']), 0.0001961250090971589]
[([362880, 40320, 5040, 720, 120, 24, 6, 2, 1, 1.0], 3732, ['DIV', 'RED(1)', 'EXP(-1)']), 0.01366812502965331]
[([14, 1, -5.5, -8.75, -10.375, -11.1875, -11.59375], 121, ['RED(1)', 'DIV']), 0.0005157910054549575]
[([-1, -1, 0, 2, 5, 9, 14, 20], 0, ['BASIC']), 6.7909713834524155e-06]
[([-2, 3, 1, 4, 5, 9, 14, 23], 6, ['ML(1,1)']), 5.7165976613759995e-05]
[([-3, -1, -4, 0, -5, 1, -6, 2, -7], 5, ['FOC(0,1,1)']), 3.8082944229245186e-05]
[([-4, -1, -3, 0, -2, 1, -1, 2, 0], 5, ['FOC(0,1,1)']), 3.287498839199543e-05]
[([1, 2, 0, 2, -1, 2, -2, 2, -3], 5, ['FOC(0,1,1)']), 3.179104533046484e-05]
[([1, -1, 0, -3, -1, -5, -2, -7, -3, -9], 5, ['FOC(0,1,1)']), 3.54590592905879e-05]
[([0, 1, 0, -1, 0, 1, 0, -1, 0, 1, 0, -1], 15, ['FOC(0,1,1,1,1)']), 0.0002151250373572111]
[([-2, 0, -3, 1, -4, 2, -5, 3, -6], 5, ['FOC(0,1,1)']), 4.383304622024298e-05]
[([23, 34, 45, 56, 67, 78], 0, ['BASIC']), 3.708992153406143e-06]
[([-4, -3, 0, 5, 12, 21, 32], 0, ['BASIC']), 3.917026333510876e-06]
[([-4, -2, 2, 8, 16, 26, 38], 0, ['BASIC']), 3.708992153406143e-06]
[([6, 4, 0, -6, -14, -24, -36], 0, ['BASIC']), 4.417030140757561e-06]
[([-2, 0, 4, 10, 18, 28, 40], 0, ['BASIC']), 3.917026333510876e-06]
[([-6, -1, 5, 12, 20, 29, 39], 0, ['BASIC']), 3.958004526793957e-06]
[([6400, 1600, 400, 100, 25, 6.25, 1.5625], 1, ['DIV']), 1.4666002243757248e-05]
[([0, 7, 24, 51, 88, 135, 192], 0, ['BASIC']), 4.125060513615608e-06]
[([2, 4, 12, 48, 240, 1440, 10080.0], 62, ['DIV', 'RED(1)']), 0.0002925419248640537]
[([-10, 12, 44, 86, 138, 200, 272], 0, ['BASIC']), 4.875008016824722e-06]
[([1, 0, 1, 1, 1, 2, 1, 3, 1, 4], 5, ['FOC(0,1,1)']), 4.025001544505358e-05]
[([-1, 2, -2, -4, 8, -32, -256, 8192.0], 66, ['DIV', 'ML(1,1)']), 0.0003696669591590762]
[([-10, 0, 15, 35, 60, 90, 125, 165], 0, ['BASIC']), 6.167101673781872e-06]
[([-2, -1, 1, 5, 13, 29, 61, 125.0], 121, ['RED(1)', 'DIV']), 0.0006349170580506325]
[([-3, -2, 0, 1, 3, 4, 6, 7, 9], 5, ['FOC(0,1,1)']), 4.016596358269453e-05]
[([1, 2, 6, 14, 29, 56, 102, 176, 289], 0, ['BASIC']), 5.875015631318092e-06]
[([0, 1, 2, 8, 29, 80, 181, 357, 638], 0, ['BASIC']), 5.917041562497616e-06]
[([8, 1, 0, -1, -8, -27, -64, -125, -216], 0, ['BASIC']), 6.500049494206905e-06]
[([0, 2, 9, 28, 75, 186, 441, 1016, 2295, 5110, 11253, 24564], 189, ['RED(2)', 'ML(0,1)']), 0.0011076669907197356]
[([3, 6, 18, 36, 108, 216, 648, 1296, 3888, 7776, 23328, 46656, 139968.0], 301, ['FOC(0,1,1)', 'DIV']), 0.0020834170281887054]
[([2, 3, 5, 9, 17, 33, 65, 129, 257, 513, 1025, 2049, 4097, 8193.0], 121, ['RED(1)', 'DIV']), 0.0014223330654203892]
[([2, 10, 26, 50, 82, 122, 170, 226, 290, 362, 442, 530, 626], 0, ['BASIC']), 1.1291936971247196e-05]
[([4, 1, 0, 1, 4, 9, 16, 25, 36], 0, ['BASIC']), 5.707959644496441e-06]
[([9, 3, 6, 6, 2, 5, 3, 1, 4, 0, 0, 3, -3], 14, ['FOC(0,1,1,1)']), 0.00012250000145286322]
[([-9, 1, -5, 3, -4, 2, -6, -2, -11, -9], 5, ['FOC(0,1,1)']), 4.783400800079107e-05]
[([97.5, 57, 30, 12, 0, -8, -13.333333333333332], 121, ['RED(1)', 'DIV']), 0.00025929207913577557]
[([6, 4, 3, 3, 2, 2, 3, 1, 6, 0, 11, -1], 5, ['FOC(0,1,1)']), 5.1292008720338345e-05]
[([7, 16, 52, 196, 772, 3076, 12292.0], 121, ['RED(1)', 'DIV']), 0.0005441249813884497]
[([2, 3, 5, 4, 2, 4, 7, 5, 2, 5, 9, 6, 2, 6, 11, 7, 2], 15, ['FOC(0,1,1,1,1)']), 0.0002571250079199672]
[([8, 0, 2, 0, 0, 0, 2, 0, 8, 0, 18, 0], 5, ['FOC(0,1,1)']), 4.724995233118534e-05]
[([3, 0, 1, -1, -2, -5, -9, -16], 126, ['RED(1)', 'ML(1,1)']), 0.00032520806416869164]
[([1, 0, -1, -1, -2, -1, -3, -4, -1, -5], 10, ['FOC(0,2,1)']), 6.545905489474535e-05]
[([3, 9, 22.5, 45, 67.5, 67.5, 33.75, 0.0], 62, ['DIV', 'RED(1)']), 0.00036445807199925184]
[([0, 2, 9, 24, 50, 90, 147, 224], 0, ['BASIC']), 5.666050128638744e-06]
[([3, 8, 16, 28, 45, 68, 98, 136], 0, ['BASIC']), 4.832982085645199e-06]
[([0, 0, 4, 5, 14, 16, 30, 33, 52, 56], 5, ['FOC(0,1,1)']), 4.00409335270524e-05]
[([0, 8, 15, 35, 48, 80, 99, 143, 168, 224], 5, ['FOC(0,1,1)']), 3.6209006793797016e-05]
[([4, 32, 108, 256, 500, 864, 1372, 2048], 0, ['BASIC']), 7.999944500625134e-06]
[([0, 17, 74, 195, 404, 725, 1182, 1799], 0, ['BASIC']), 4.707952030003071e-06]
[([6, 24, 60, 120, 210, 336, 504, 720], 0, ['BASIC']), 4.708068445324898e-06]
[([3, 6, 15, 42, 123, 366, 1095, 3282.0], 121, ['RED(1)', 'DIV']), 0.0006647501140832901]
[([23, 31, 53, 83, 135, 217, 351, 567], 126, ['RED(1)', 'ML(1,1)']), 0.0006849160417914391]
[([2, 6, 19, 53, 126, 262, 491, 849, 1378], 0, ['BASIC']), 9.37492586672306e-06]
[([1, 2, 5, 9, 16, 27, 45, 74], 126, ['RED(1)', 'ML(1,1)']), 0.000676166033372283]
[([0, 2, 6, 12, 20, 30, 42, 56, 72, 90, 110, 132], 0, ['BASIC']), 9.709037840366364e-06]
[([3, 5, 8, 12, 17, 23, 30, 38], 0, ['BASIC']), 4.792003892362118e-06]
[([5, 8, 20, 68, 260, 1028, 4100.0], 121, ['RED(1)', 'DIV']), 0.0005392919993028045]
[([-6, -4, 0, 2, 6, 8, 12, 14, 18], 5, ['FOC(0,1,1)']), 3.7082936614751816e-05]
